Date	Open	High	Low	Close	AdjClose	Volume
Dec 30, 2020	12,860.75	12,909.75	12,820.50	12,841.50	12,841.50	334,304
Dec 29, 2020	12,845.25	12,918.25	12,808.25	12,841.00	12,841.00	393,995
Dec 28, 2020	12,676.25	12,855.50	12,655.25	12,832.75	12,832.75	346,691
Dec 24, 2020	-	-	-	-	-	-
Dec 23, 2020	12,704.75	12,738.75	12,623.50	12,651.25	12,651.25	358,011
Dec 22, 2020	12,698.25	12,760.00	12,593.50	12,710.00	12,710.00	457,270
Dec 21, 2020	12,760.00	12,782.50	12,461.00	12,683.50	12,683.50	606,583
Dec 18, 2020	12,744.25	12,823.00	12,708.00	12,800.06	12,800.06	460,979
Dec 17, 2020	12,677.00	12,766.25	12,667.50	12,751.00	12,751.00	84,472
Dec 16, 2020	12,599.50	12,699.75	12,567.75	12,665.25	12,665.25	153,920
Dec 15, 2020	12,460.50	12,604.75	12,417.00	12,591.75	12,591.75	223,263
Dec 14, 2020	12,405.50	12,545.00	12,386.50	12,456.50	12,456.50	296,143
Dec 11, 2020	12,391.00	12,414.25	12,234.25	12,368.00	12,368.00	361,860
Dec 10, 2020	12,342.75	12,449.00	12,218.25	12,402.00	12,402.00	529,843
Dec 09, 2020	12,657.25	12,675.00	12,306.75	12,367.00	12,367.00	635,769
Dec 08, 2020	12,574.00	12,652.50	12,502.00	12,637.50	12,637.50	365,422
Dec 07, 2020	12,525.00	12,612.25	12,474.75	12,596.00	12,596.00	323,774
Dec 04, 2020	12,487.00	12,535.75	12,448.50	12,526.00	12,526.00	321,796
Dec 03, 2020	12,472.00	12,540.25	12,444.00	12,462.25	12,462.25	376,884
Dec 02, 2020	12,456.25	12,473.50	12,312.50	12,454.25	12,454.25	400,405
Dec 01, 2020	12,336.00	12,512.25	12,312.00	12,452.25	12,452.25	464,023
Nov 30, 2020	12,286.50	12,337.25	12,086.00	12,277.00	12,277.00	493,064
Nov 27, 2020	-	-	-	-	-	-
Nov 25, 2020	12,098.50	12,177.75	12,077.50	12,152.25	12,152.25	386,232
Nov 24, 2020	11,909.75	12,104.50	11,872.75	12,076.00	12,076.00	401,635
Nov 23, 2020	11,894.00	12,001.75	11,808.25	11,905.25	11,905.25	425,777
Nov 20, 2020	11,960.00	12,021.00	11,873.50	11,905.75	11,905.75	358,180
Nov 19, 2020	11,876.00	12,000.00	11,804.50	11,987.25	11,987.25	421,691
Nov 18, 2020	11,972.00	12,027.50	11,861.50	11,897.00	11,897.00	475,826
Nov 17, 2020	12,061.25	12,096.25	11,953.75	11,975.00	11,975.00	401,505
Nov 16, 2020	11,957.25	12,065.00	11,851.75	12,005.00	12,005.00	471,101
Nov 13, 2020	11,857.00	11,952.75	11,801.75	11,933.50	11,933.50	445,512
Nov 12, 2020	11,898.50	11,975.75	11,775.75	11,820.00	11,820.00	554,930
Nov 11, 2020	11,632.25	11,917.75	11,575.25	11,886.00	11,886.00	546,218
Nov 10, 2020	11,863.50	11,901.50	11,503.25	11,618.25	11,618.25	834,533
Nov 09, 2020	12,139.25	12,408.75	11,812.25	11,820.50	11,820.50	731,881
Nov 06, 2020	12,088.50	12,109.00	11,868.25	12,075.00	12,075.00	552,483
Nov 05, 2020	11,830.00	12,119.50	11,771.25	12,076.50	12,076.50	578,443
Nov 04, 2020	11,264.00	11,843.75	11,230.25	11,763.00	11,763.00	842,617
Nov 03, 2020	11,074.75	11,347.00	11,064.50	11,265.75	11,265.75	509,496
Nov 02, 2020	11,034.50	11,212.00	10,942.25	11,063.25	11,063.25	602,651
Oct 30, 2020	11,213.25	11,281.25	10,944.50	11,046.25	11,046.25	801,978
Oct 29, 2020	11,180.50	11,457.75	11,145.00	11,342.75	11,342.75	606,325
Oct 28, 2020	11,558.50	11,566.75	11,123.75	11,132.75	11,132.75	749,420
Oct 27, 2020	11,499.50	11,623.00	11,478.25	11,588.00	11,588.00	551,642
Oct 26, 2020	11,634.00	11,695.50	11,343.25	11,492.25	11,492.25	674,142
Oct 23, 2020	11,669.25	11,691.75	11,551.00	11,663.50	11,663.50	501,243
Oct 22, 2020	11,683.50	11,724.00	11,511.00	11,649.75	11,649.75	583,669
Oct 21, 2020	11,675.25	11,779.25	11,585.00	11,691.25	11,691.25	599,851
Oct 20, 2020	11,697.50	11,792.00	11,598.50	11,660.75	11,660.75	622,702
Oct 19, 2020	11,816.75	11,950.50	11,591.25	11,650.25	11,650.25	623,203
Oct 16, 2020	11,891.00	12,022.00	11,792.00	11,798.00	11,798.00	527,026
Oct 15, 2020	11,950.00	11,983.25	11,736.50	11,874.00	11,874.00	595,926
Oct 14, 2020	12,079.75	12,178.00	11,901.75	11,974.25	11,974.25	597,198
Oct 13, 2020	12,100.00	12,249.00	12,019.00	12,094.00	12,094.00	754,735
Oct 12, 2020	11,722.75	12,197.00	11,687.75	12,098.25	12,098.25	756,438
Oct 09, 2020	11,562.00	11,739.00	11,552.50	11,724.75	11,724.75	408,445
Oct 08, 2020	11,473.25	11,578.75	11,469.75	11,539.00	11,539.00	403,379
Oct 07, 2020	11,220.50	11,506.50	11,208.00	11,470.00	11,470.00	443,046
Oct 06, 2020	11,473.00	11,524.50	11,197.50	11,273.75	11,273.75	612,278
Oct 05, 2020	11,308.50	11,497.50	11,267.50	11,469.25	11,469.25	398,444
Oct 02, 2020	11,566.75	11,604.75	11,204.50	11,233.25	11,233.25	806,629
Oct 01, 2020	11,375.00	11,599.25	11,375.00	11,574.75	11,574.75	580,589
Sep 30, 2020	11,321.00	11,526.00	11,167.00	11,407.25	11,407.25	647,968
Sep 29, 2020	11,388.00	11,448.75	11,289.50	11,337.75	11,337.75	444,170
Sep 28, 2020	11,145.00	11,404.00	11,140.25	11,394.75	11,394.75	568,217
Sep 25, 2020	10,914.25	11,166.25	10,813.75	11,136.50	11,136.50	600,725
Sep 24, 2020	10,803.50	11,011.75	10,660.25	10,891.75	10,891.75	791,934
Sep 23, 2020	11,160.50	11,222.00	10,786.00	10,829.00	10,829.00	656,111
Sep 22, 2020	10,966.25	11,191.00	10,897.50	11,149.50	11,149.50	573,572
Sep 21, 2020	10,920.00	11,009.75	10,656.50	10,989.00	10,989.00	727,984
Sep 18, 2020	11,082.00	11,179.25	11,037.25	11,144.81	11,144.81	800,279
Sep 17, 2020	11,269.50	11,302.50	10,918.75	11,090.00	11,090.00	157,390
Sep 16, 2020	11,467.50	11,550.00	11,237.50	11,268.75	11,268.75	167,828
Sep 15, 2020	11,278.50	11,495.50	11,247.75	11,464.25	11,464.25	224,404
Sep 14, 2020	11,104.00	11,362.75	11,104.00	11,280.50	11,280.50	322,360
Sep 11, 2020	11,187.00	11,356.25	10,937.50	11,061.50	11,061.50	495,802
Sep 10, 2020	11,377.75	11,566.75	11,088.00	11,178.25	11,178.25	885,270
Sep 09, 2020	11,006.00	11,478.75	10,935.25	11,392.75	11,392.75	720,954
Sep 08, 2020	11,531.00	11,585.00	11,040.50	11,060.50	11,060.50	1,012,392
Sep 04, 2020	11,745.00	11,843.00	11,142.00	11,548.75	11,548.75	1,202,274
Sep 03, 2020	12,408.50	12,438.75	11,658.50	11,800.50	11,800.50	931,583
Sep 02, 2020	12,325.50	12,465.25	12,172.25	12,411.50	12,411.50	725,395
Sep 01, 2020	12,109.75	12,328.75	12,093.00	12,312.50	12,312.50	518,997
Aug 31, 2020	12,002.75	12,165.00	11,988.25	12,114.00	12,114.00	480,979
Aug 28, 2020	11,953.25	12,018.25	11,920.50	11,991.75	11,991.75	489,066
Aug 27, 2020	11,984.50	12,046.00	11,834.75	11,952.75	11,952.75	709,346
Aug 26, 2020	11,739.50	12,001.50	11,726.75	11,991.25	11,991.25	578,801
Aug 25, 2020	11,636.00	11,742.25	11,574.75	11,726.25	11,726.25	495,891
Aug 24, 2020	11,581.00	11,722.50	11,528.25	11,636.25	11,636.25	617,004
Aug 21, 2020	11,480.00	11,573.50	11,407.00	11,562.00	11,562.00	414,226
Aug 20, 2020	11,327.00	11,496.50	11,221.50	11,477.25	11,477.25	401,137
Aug 19, 2020	11,414.25	11,438.00	11,299.00	11,332.00	11,332.00	410,893
Aug 18, 2020	11,285.50	11,415.25	11,268.00	11,409.25	11,409.25	326,816
Aug 17, 2020	11,145.00	11,300.50	11,142.25	11,286.75	11,286.75	246,403
Aug 14, 2020	11,180.50	11,237.75	11,096.00	11,133.75	11,133.75	398,616
Aug 13, 2020	11,115.50	11,266.00	11,094.25	11,175.25	11,175.25	413,661
Aug 12, 2020	10,928.50	11,185.75	10,878.50	11,126.00	11,126.00	434,240
Aug 11, 2020	11,072.25	11,157.75	10,845.50	10,878.50	10,878.50	561,748
Aug 10, 2020	11,140.25	11,156.50	10,928.25	11,072.00	11,072.00	485,730
Aug 07, 2020	11,260.50	11,283.25	11,035.25	11,122.75	11,122.75	532,554
Aug 06, 2020	11,094.00	11,271.75	11,051.25	11,261.25	11,261.25	420,437
Aug 05, 2020	11,080.50	11,144.00	11,055.75	11,091.75	11,091.75	348,822
Aug 04, 2020	11,054.00	11,094.75	10,983.00	11,086.00	11,086.00	395,698
Aug 03, 2020	10,933.25	11,073.00	10,876.25	11,044.25	11,044.25	389,622
Jul 31, 2020	10,906.50	10,939.00	10,691.00	10,890.50	10,890.50	631,553
Jul 30, 2020	10,700.00	10,897.25	10,502.75	10,794.00	10,794.00	521,157
Jul 29, 2020	10,558.00	10,699.75	10,512.25	10,674.25	10,674.25	368,010
Jul 28, 2020	10,682.50	10,758.50	10,514.00	10,540.00	10,540.00	445,252
Jul 27, 2020	10,490.00	10,684.00	10,401.00	10,675.25	10,675.25	444,802
Jul 24, 2020	10,565.50	10,597.00	10,301.00	10,459.00	10,459.00	652,482
Jul 23, 2020	10,850.00	10,938.50	10,514.50	10,548.25	10,548.25	644,189
Jul 22, 2020	10,850.75	10,916.25	10,761.25	10,804.25	10,804.25	483,851
Jul 21, 2020	10,952.25	11,058.00	10,784.75	10,851.00	10,851.00	587,994
Jul 20, 2020	10,621.25	10,964.50	10,546.25	10,951.00	10,951.00	496,402
Jul 17, 2020	10,532.25	10,669.75	10,523.75	10,622.50	10,622.50	443,143
Jul 16, 2020	10,693.00	10,698.25	10,475.50	10,511.75	10,511.75	628,898
Jul 15, 2020	10,706.00	10,766.50	10,551.25	10,683.25	10,683.25	719,947
Jul 14, 2020	10,602.00	10,693.00	10,358.75	10,646.25	10,646.25	915,009
Jul 13, 2020	10,848.25	11,058.50	10,561.50	10,600.00	10,600.00	736,178
Jul 10, 2020	10,727.00	10,847.50	10,625.50	10,837.25	10,837.25	527,570
Jul 09, 2020	10,674.25	10,774.25	10,560.00	10,727.50	10,727.50	607,385
Jul 08, 2020	10,526.00	10,673.00	10,505.25	10,662.25	10,662.25	481,023
Jul 07, 2020	10,600.00	10,694.50	10,505.75	10,532.25	10,532.25	465,212
Jul 06, 2020	10,352.00	10,614.50	10,308.75	10,598.50	10,598.50	486,369
Jul 02, 2020	10,258.50	10,422.25	10,246.50	10,355.75	10,355.75	404,764
Jul 01, 2020	10,141.00	10,310.00	10,076.00	10,268.75	10,268.75	402,791
Jun 30, 2020	9,983.00	10,171.50	9,940.25	10,147.25	10,147.25	422,348
Jun 29, 2020	9,785.50	9,997.00	9,728.75	9,973.75	9,973.75	479,544
Jun 26, 2020	10,087.00	10,120.50	9,824.25	9,865.50	9,865.50	576,150
Jun 25, 2020	10,005.25	10,107.00	9,885.50	10,088.25	10,088.25	514,249
Jun 24, 2020	10,183.00	10,242.00	9,927.25	10,010.75	10,010.75	661,645
Jun 23, 2020	10,121.50	10,296.25	9,972.25	10,196.00	10,196.00	406,477
Jun 22, 2020	9,868.00	10,134.50	9,843.50	10,124.75	10,124.75	354,768
Jun 19, 2020	9,997.25	10,123.25	9,997.25	10,120.84	10,120.84	518,436
Jun 18, 2020	9,995.25	10,040.75	9,879.50	9,995.75	9,995.75	67,457
Jun 17, 2020	9,961.75	10,059.00	9,927.00	9,994.50	9,994.50	100,473
Jun 16, 2020	9,812.50	10,013.75	9,797.75	9,972.50	9,972.50	216,305
Jun 15, 2020	9,536.75	9,815.50	9,381.75	9,800.50	9,800.50	319,211
Jun 12, 2020	9,616.00	9,849.25	9,494.75	9,645.00	9,645.00	508,840
Jun 11, 2020	10,086.25	10,107.00	9,584.50	9,616.75	9,616.75	828,944
Jun 10, 2020	9,960.00	10,155.50	9,958.50	10,087.25	10,087.25	557,713
Jun 09, 2020	9,887.25	10,005.25	9,811.50	9,951.00	9,951.00	437,442
Jun 08, 2020	9,819.00	9,901.00	9,747.00	9,884.75	9,884.75	391,647
Jun 05, 2020	9,643.50	9,846.25	9,601.75	9,808.50	9,808.50	513,656
Jun 04, 2020	9,685.50	9,742.50	9,572.25	9,626.25	9,626.25	462,358
Jun 03, 2020	9,657.50	9,728.25	9,635.50	9,684.75	9,684.75	376,694
Jun 02, 2020	9,590.00	9,670.00	9,504.75	9,647.75	9,647.75	389,908
Jun 01, 2020	9,513.00	9,605.75	9,450.25	9,595.00	9,595.00	345,593
May 29, 2020	9,453.50	9,590.50	9,372.00	9,560.25	9,560.25	529,700
May 28, 2020	9,436.50	9,565.50	9,320.50	9,460.25	9,460.25	510,617
May 27, 2020	9,409.00	9,508.00	9,172.50	9,432.50	9,432.50	560,524
May 26, 2020	9,396.25	9,604.00	9,373.00	9,406.50	9,406.50	486,546
May 22, 2020	9,360.50	9,422.50	9,241.50	9,406.25	9,406.25	365,377
May 21, 2020	9,494.75	9,510.75	9,352.00	9,355.75	9,355.75	429,220
May 20, 2020	9,289.75	9,498.00	9,273.00	9,485.50	9,485.50	369,922
May 19, 2020	9,316.25	9,417.25	9,283.75	9,300.75	9,300.75	392,499
May 18, 2020	9,135.00	9,361.50	9,110.25	9,325.50	9,325.50	398,562
May 15, 2020	9,085.50	9,148.50	8,925.50	9,096.50	9,096.50	537,250
May 14, 2020	9,012.75	9,104.00	8,847.00	9,079.50	9,079.50	639,071
May 13, 2020	9,045.75	9,202.75	8,878.25	8,992.25	8,992.25	703,290
May 12, 2020	9,282.00	9,345.50	9,040.50	9,078.25	9,078.25	500,539
May 11, 2020	9,194.75	9,339.00	9,118.50	9,279.00	9,279.00	398,142
May 08, 2020	9,115.00	9,238.00	9,103.25	9,218.25	9,218.25	362,315
May 07, 2020	8,947.50	9,126.00	8,930.25	9,107.75	9,107.75	383,884
May 06, 2020	8,928.50	9,056.50	8,877.75	8,952.00	8,952.00	414,045
May 05, 2020	8,806.25	9,020.00	8,798.50	8,924.25	8,924.25	367,233
May 04, 2020	8,624.00	8,828.00	8,556.25	8,795.50	8,795.50	381,914
May 01, 2020	8,847.00	8,879.00	8,672.00	8,718.00	8,718.00	414,560
Apr 30, 2020	9,109.50	9,144.75	8,856.50	8,988.50	8,988.50	462,961
Apr 29, 2020	8,759.25	9,118.75	8,733.75	9,036.50	9,036.50	432,414
Apr 28, 2020	8,819.00	8,945.75	8,654.50	8,719.75	8,719.75	440,939
Apr 27, 2020	8,766.00	8,898.00	8,730.00	8,824.25	8,824.25	355,545
Apr 24, 2020	8,588.25	8,780.25	8,498.25	8,769.00	8,769.00	380,231
Apr 23, 2020	8,636.25	8,786.50	8,580.50	8,598.75	8,598.75	435,112
Apr 22, 2020	8,447.00	8,700.00	8,400.00	8,638.00	8,638.00	373,067
Apr 21, 2020	8,695.00	8,763.00	8,342.00	8,431.75	8,431.75	582,449
Apr 20, 2020	8,799.50	8,846.00	8,687.00	8,692.00	8,692.00	427,981
Apr 17, 2020	8,909.75	8,966.75	8,689.50	8,809.00	8,809.00	509,555
Apr 16, 2020	8,576.00	8,842.50	8,500.50	8,734.25	8,734.25	539,163
Apr 15, 2020	8,706.25	8,707.50	8,486.50	8,594.00	8,594.00	407,752
Apr 14, 2020	8,337.00	8,710.00	8,319.00	8,692.50	8,692.50	431,916
Apr 13, 2020	8,296.00	8,338.75	8,073.25	8,327.25	8,327.25	385,072
Apr 09, 2020	8,195.25	8,326.25	8,101.75	8,227.50	8,227.50	522,648
Apr 08, 2020	8,015.00	8,242.00	7,953.25	8,189.75	8,189.75	424,380
Apr 07, 2020	8,034.25	8,303.25	7,948.00	8,012.00	8,012.00	531,043
Apr 06, 2020	7,535.75	8,099.00	7,535.50	8,029.75	8,029.75	396,874
Apr 03, 2020	7,623.00	7,660.25	7,423.50	7,522.75	7,522.75	351,874
Apr 02, 2020	7,473.50	7,656.25	7,376.00	7,627.25	7,627.25	436,829
Apr 01, 2020	7,772.50	7,773.50	7,404.25	7,438.75	7,438.75	411,364
Mar 31, 2020	7,856.75	7,995.00	7,747.50	7,786.25	7,786.25	424,386
Mar 30, 2020	7,395.75	7,884.00	7,365.00	7,854.75	7,854.75	419,576
Mar 27, 2020	7,882.75	7,893.25	7,551.25	7,568.50	7,568.50	443,315
Mar 26, 2020	7,483.50	7,893.50	7,310.25	7,844.00	7,844.00	567,711
Mar 25, 2020	7,544.75	7,761.00	7,371.50	7,467.75	7,467.75	656,698
Mar 24, 2020	7,005.75	7,572.25	7,005.75	7,554.75	7,554.75	556,553
Mar 23, 2020	6,798.00	7,316.25	6,628.75	6,984.50	6,984.50	633,237
Mar 20, 2020	7,195.00	7,649.00	7,153.50	7,417.98	7,417.98	562,616
Mar 19, 2020	7,251.75	7,521.50	6,894.25	7,293.50	7,293.50	115,519
Mar 18, 2020	7,386.00	7,392.25	6,830.00	7,225.25	7,225.25	156,283
Mar 17, 2020	7,053.00	7,552.25	6,948.75	7,405.25	7,405.25	317,501
Mar 16, 2020	7,903.00	7,905.25	6,927.00	7,057.50	7,057.50	307,368
Mar 13, 2020	7,100.00	7,978.00	6,942.50	7,915.75	7,915.75	584,274
Mar 12, 2020	7,998.75	8,108.00	7,128.50	7,215.25	7,215.25	876,291
Mar 11, 2020	8,317.00	8,334.25	7,892.75	8,003.50	8,003.50	990,236
Mar 10, 2020	7,893.75	8,378.75	7,814.25	8,331.50	8,331.50	982,070
Mar 09, 2020	8,369.00	8,375.00	7,820.00	7,951.50	7,951.50	560,913
Mar 06, 2020	8,677.00	8,726.50	8,310.50	8,503.25	8,503.25	1,097,279
Mar 05, 2020	8,889.00	8,899.75	8,610.75	8,648.75	8,648.75	954,104
Mar 04, 2020	8,557.50	8,950.00	8,508.25	8,896.50	8,896.50	939,032
Mar 03, 2020	8,830.50	9,002.50	8,511.00	8,582.50	8,582.50	1,295,648
Mar 02, 2020	8,349.25	8,883.25	8,224.25	8,791.25	8,791.25	1,373,357
Feb 28, 2020	8,347.00	8,574.75	8,126.25	8,454.00	8,454.00	1,527,204
Feb 27, 2020	8,811.50	8,878.50	8,334.25	8,382.75	8,382.75	1,580,041
Feb 26, 2020	8,868.25	9,037.50	8,709.50	8,850.25	8,850.25	1,251,412
Feb 25, 2020	9,091.00	9,224.25	8,810.00	8,854.25	8,854.25	1,344,897
Feb 24, 2020	9,355.25	9,365.00	9,041.25	9,091.00	9,091.00	1,171,879
Feb 21, 2020	9,617.25	9,623.75	9,411.50	9,458.00	9,458.00	911,839
Feb 20, 2020	9,744.75	9,763.00	9,517.00	9,624.25	9,624.25	802,424
Feb 19, 2020	9,643.25	9,748.75	9,641.25	9,733.50	9,733.50	419,130
Feb 18, 2020	9,635.00	9,687.50	9,534.25	9,636.00	9,636.00	668,505
Feb 14, 2020	9,626.25	9,659.25	9,588.00	9,632.25	9,632.25	489,387
Feb 13, 2020	9,621.50	9,644.75	9,511.25	9,613.00	9,613.00	613,580
Feb 12, 2020	9,536.25	9,628.25	9,523.75	9,625.75	9,625.75	454,472
Feb 11, 2020	9,525.00	9,609.50	9,501.25	9,527.25	9,527.25	589,570
Feb 10, 2020	9,401.50	9,531.50	9,330.75	9,527.50	9,527.50	500,147
Feb 07, 2020	9,467.00	9,471.00	9,385.00	9,409.50	9,409.50	592,695
Feb 06, 2020	9,390.00	9,464.00	9,362.50	9,455.50	9,455.50	545,054
Feb 05, 2020	9,357.00	9,462.75	9,317.75	9,381.50	9,381.50	729,548
Feb 04, 2020	9,099.00	9,369.25	9,073.00	9,355.00	9,355.00	563,913
Feb 03, 2020	8,982.75	9,155.75	8,975.00	9,114.25	9,114.25	680,726
Jan 31, 2020	9,226.50	9,248.75	8,966.00	8,997.75	8,997.75	898,384
Jan 30, 2020	9,111.25	9,240.00	9,003.50	9,216.25	9,216.25	846,585
Jan 29, 2020	9,119.50	9,158.75	9,072.25	9,098.50	9,098.50	578,408
Jan 28, 2020	8,952.50	9,136.25	8,952.50	9,105.25	9,105.25	632,550
Jan 27, 2020	9,077.00	9,077.00	8,925.50	8,954.50	8,954.50	792,705
Jan 24, 2020	9,252.00	9,287.25	9,109.50	9,144.50	9,144.50	758,796
Jan 23, 2020	9,190.00	9,253.50	9,151.75	9,248.25	9,248.25	616,950
Jan 22, 2020	9,179.50	9,254.00	9,174.25	9,195.75	9,195.75	519,015
Jan 21, 2020	9,174.00	9,199.75	9,114.75	9,169.75	9,169.75	532,160
Jan 17, 2020	9,137.00	9,189.25	9,130.00	9,174.50	9,174.50	438,669
Jan 16, 2020	9,061.75	9,140.25	9,061.50	9,133.50	9,133.50	397,881
Jan 15, 2020	9,062.00	9,096.00	9,023.00	9,060.00	9,060.00	497,100
Jan 14, 2020	9,087.75	9,114.75	9,035.00	9,062.50	9,062.50	553,343
Jan 13, 2020	8,979.00	9,095.50	8,979.00	9,088.25	9,088.25	380,440
Jan 10, 2020	9,010.00	9,055.50	8,966.25	8,978.25	8,978.25	472,166
Jan 09, 2020	8,948.75	9,022.25	8,932.50	9,009.00	9,009.00	457,262
Jan 08, 2020	8,841.50	8,972.25	8,678.00	8,944.50	8,944.50	723,085
Jan 07, 2020	8,853.25	8,894.75	8,825.75	8,853.00	8,853.00	510,004
Jan 06, 2020	8,772.25	8,873.00	8,723.00	8,847.50	8,847.50	469,514
Jan 03, 2020	8,895.50	8,907.25	8,735.25	8,810.00	8,810.00	599,887
Jan 02, 2020	8,776.75	8,901.50	8,769.50	8,891.75	8,891.75	416,637
